img_dir: "../sample_imgs/rgb12/left/"
n_d: 2
mode: 0
radius: 0.035
distance: 0.09
fx: 496.293
fy: 496.357
cx: 717.485
cy: 572.079
skew: 0.41766
d1: -0.00921607
d2: 0.00222301
d3: 0
d4: 0
sfx: 0.469984
sfy: 0.452081
scx: 0.152131
scy: 0.186392
sd1: 0.000484725
sd2: 0.000267016
sd3: 0
sd4: 0
reprojection_error: 0.0573393