cameras:
  - img_dir: "./sample_imgs/rgb12/left/"
    cal_intrinsic: false
    type: "circle"
    n_x: 4 
    n_y: 3
    asymmetric: false
    radius: 0.03
    distance: 0.09
    detection_mode: ""
    n_d: 2
    fx: 496.293
    fy: 496.357
    cx: 717.485
    cy: 572.079
    skew: 0.41766
    d1: -0.00921607
    d2: 0.00222301
    d3: 0
    d4: 0

  - img_dir: "./sample_imgs/rgb12/right/"
    cal_intrinsic: false
    type: "circle"
    n_x: 4 
    n_y: 3
    asymmetric: false
    radius: 0.03
    distance: 0.09
    detection_mode: ""
    n_d: 2
    fx: 491.095
    fy: 491.347
    cx: 725.878
    cy: 569.479
    skew: 0.593612
    d1: -0.00876289
    d2: 0.00243215
    d3: 0
    d4: 0

options:
  save_results_path : "./"
  visualize : true