img_dir: "../sample_imgs/rgb12/right/"
n_d: 2
mode: 0
radius: 0.035
distance: 0.09
fx: 491.095
fy: 491.347
cx: 725.878
cy: 569.479
skew: 0.593612
d1: -0.00876289
d2: 0.00243215
d3: 0
d4: 0
sfx: 0.473834
sfy: 0.456176
scx: 0.151017
scy: 0.191377
sd1: 0.000455172
sd2: 0.000297113
sd3: 0
sd4: 0
reprojection_error: 0.0573102