img_dir: "./sample_imgs/rgb12/left/"
n_d: 2
radius: 0.03
distance: 0.09
fx: 496.293
fy: 496.357
cx: 717.485
cy: 572.079
skew: 0.41766
d1: -0.00921607
d2: 0.00222301
d3: 0
d4: 0
sfx: 0
sfy: 0
scx: 0
scy: 0
sd1: 0
sd2: 0
sd3: 0
sd4: 0
