img_dir: "./sample_imgs/rgb12/right/"
n_d: 2
radius: 0.03
distance: 0.09
fx: 491.095
fy: 491.347
cx: 725.878
cy: 569.479
skew: 0.593612
d1: -0.00876289
d2: 0.00243215
d3: 0
d4: 0
sfx: 0
sfy: 0
scx: 0
scy: 0
sd1: 0
sd2: 0
sd3: 0
sd4: 0
