img_dir: "../sample_imgs/tir12/"
n_d: 3
mode: 0
radius: 0.03
distance: 0.09
fx: 440.721
fy: 440.678
cx: 308.716
cy: 247.164
skew: 0.0339399
d1: -0.424849
d2: 0.187956
d3: -0.0400807
d4: 0
sfx: 0.234178
sfy: 0.248093
scx: 0.11637
scy: 0.118006
sd1: 0.000753061
sd2: 0.00112546
sd3: 0.000465708
sd4: 0
reprojection_error: 0.125176