img_dir: "../sample_imgs/tir12/"
n_d: 3
mode: 0
radius: 0.03
distance: 0.09
fx: 440.724
fy: 440.698
cx: 308.749
cy: 247.163
skew: 0.0317274
d1: -0.424788
d2: 0.187974
d3: -0.0400919
d4: 0
sfx: 0.232465
sfy: 0.246307
scx: 0.115491
scy: 0.117191
sd1: 0.000747225
sd2: 0.00111712
sd3: 0.000462348
sd4: 0
reprojection_error: 0.123705